service_id,monday,tuesday,wednesday,thursday,friday,saturday,sunday,start_date,end_date
ATB:DayType:1000,1,0,0,0,1,0,0,20250816,20251019
ATB:DayType:1003,0,0,0,0,1,0,0,20250524,20251023
ATB:DayType:1005,1,0,0,0,1,0,0,20250524,20251019
ATB:DayType:1006,0,1,0,1,0,0,0,20250620,20250818
ATB:DayType:1007,1,1,1,0,0,0,0,20250814,20251019
ATB:DayType:1008,1,0,1,0,0,0,0,20250814,20251019
ATB:DayType:1009,0,0,1,0,0,0,0,20250522,20251021
ATB:DayType:1010,0,0,0,0,1,0,0,20250524,20250821
ATB:DayType:1011,1,0,0,1,1,0,0,20250816,20251019
ATB:DayType:1012,0,1,1,1,0,0,0,20250523,20251020
ATB:DayType:1013,1,1,1,0,1,0,0,20250524,20250622
ATB:DayType:1014,0,0,0,0,0,1,0,20250525,20251024
ATB:DayType:1015,1,0,1,1,0,0,0,20250523,20251019
ATB:DayType:1016,1,1,1,1,1,0,0,20250621,20251019
ATB:DayType:1017,0,1,1,0,0,0,0,20250522,20251020
ATB:DayType:1018,1,1,0,0,1,0,0,20250524,20250622
ATB:DayType:1019,0,1,1,1,1,0,0,20250809,20251020
ATB:DayType:1020,1,0,0,1,0,0,0,20250523,20250622
ATB:DayType:1021,0,0,0,0,0,1,0,20250601,20250822
ATB:DayType:1023,0,1,1,1,0,0,0,20250815,20251020
ATB:DayType:1024,1,0,1,1,0,0,0,20250523,20250622
ATB:DayType:1025,0,1,0,1,1,0,0,20250524,20251020
ATB:DayType:1026,0,0,0,0,1,0,0,20250531,20250821
ATB:DayType:1027,1,1,1,1,1,0,0,20250530,20251012
ATB:DayType:1028,0,1,1,0,1,0,0,20250816,20251020
ATB:DayType:1031,0,0,0,0,0,0,1,20250526,20251025
ATB:DayType:1032,0,0,0,0,0,1,0,20250817,20251024
ATB:DayType:1035,0,0,0,0,0,1,0,20250525,20251024
ATB:DayType:1036,0,0,0,1,1,0,0,20250531,20251022
ATB:DayType:1037,1,0,1,0,1,0,0,20250816,20251019
ATB:DayType:1038,1,1,0,1,1,0,0,20250524,20251019
ATB:DayType:1040,0,1,0,1,0,0,0,20250815,20251020
ATB:DayType:1041,0,0,0,0,0,0,1,20250623,20251025
ATB:DayType:1042,0,1,0,1,0,0,0,20250523,20251020
ATB:DayType:1044,1,0,1,0,0,0,0,20250522,20251019
ATB:DayType:1045,0,0,1,0,0,0,0,20250522,20251021
ATB:DayType:1047,0,0,0,0,0,1,0,20250622,20250822
ATB:DayType:1048,0,1,0,0,1,0,0,20250524,20250623
ATB:DayType:1049,0,1,1,1,1,0,0,20250524,20251020
ATB:DayType:1051,1,1,1,1,0,0,0,20250815,20251019
ATB:DayType:1052,0,1,1,0,1,0,0,20250524,20251020
ATB:DayType:1053,0,0,1,0,1,0,0,20250524,20250902
ATB:DayType:1054,0,0,0,0,0,0,1,20250602,20250823
ATB:DayType:1056,1,0,0,0,0,0,0,20250805,20251019
ATB:DayType:1057,1,1,1,1,1,0,0,20250621,20250817
ATB:DayType:1060,1,1,0,1,1,0,0,20250524,20250629
ATB:DayType:1061,0,1,0,0,0,0,0,20250618,20250818
ATB:DayType:1063,1,0,1,1,1,0,0,20250524,20250629
ATB:DayType:1064,1,1,0,1,1,0,0,20250816,20251019
ATB:DayType:1065,1,0,0,0,1,0,0,20250621,20250817
ATB:DayType:1066,1,1,0,1,1,0,0,20250524,20250622
ATB:DayType:1067,0,1,0,1,0,0,0,20250815,20251020
ATB:DayType:1068,0,0,0,1,1,0,0,20250816,20251022
ATB:DayType:1069,0,0,0,0,0,0,1,20250526,20251025
ATB:DayType:1070,1,1,1,1,1,0,0,20250524,20250817
ATB:DayType:1071,1,1,1,0,1,0,0,20250524,20251019
ATB:DayType:1073,0,0,0,0,0,0,1,20250630,20251025
ATB:DayType:1074,0,1,1,0,0,0,0,20250814,20251020
ATB:DayType:1077,0,0,0,0,0,0,1,20250616,20251025
ATB:DayType:1078,1,0,0,0,0,0,0,20250520,20251019
ATB:DayType:1080,1,1,1,0,0,0,0,20250522,20251019
ATB:DayType:1082,1,1,0,1,1,0,0,20250816,20251019
ATB:DayType:1083,0,0,0,1,0,0,0,20250530,20251022
ATB:DayType:1084,1,1,1,1,1,0,0,20250524,20251019
ATB:DayType:1086,0,1,1,1,1,0,0,20250816,20251020
ATB:DayType:1087,0,0,1,0,0,0,0,20250522,20251021
ATB:DayType:1088,0,0,0,0,0,0,1,20250623,20250823
ATB:DayType:1090,0,0,0,0,1,0,0,20250524,20251023
ATB:DayType:1091,1,1,0,1,0,0,0,20250523,20250831
ATB:DayType:1092,0,0,0,0,0,0,1,20250630,20250816
ATB:DayType:1094,0,1,0,0,0,0,0,20250521,20251020
ATB:DayType:1096,1,0,1,0,0,0,0,20250522,20250622
ATB:DayType:1098,0,0,0,0,0,1,0,20250810,20251024
ATB:DayType:1099,0,0,0,0,0,0,1,20250811,20251025
ATB:DayType:1102,0,1,0,0,0,0,0,20250806,20251020
ATB:DayType:1103,1,1,0,0,0,0,0,20250521,20251019
ATB:DayType:1106,0,0,0,0,1,0,0,20250531,20251023
ATB:DayType:1107,1,0,1,0,1,0,0,20250621,20250817
ATB:DayType:1108,1,1,1,1,1,0,0,20250816,20251019
ATB:DayType:1109,0,1,0,1,0,0,0,20250523,20250623
ATB:DayType:1110,0,0,0,0,0,1,0,20250622,20250815
ATB:DayType:1112,1,1,1,1,1,0,0,20250524,20250622
ATB:DayType:1113,0,0,1,0,0,0,0,20250522,20251021
ATB:DayType:1114,1,0,0,0,0,0,0,20250520,20251019
ATB:DayType:1115,1,1,0,1,1,0,0,20250524,20251019
ATB:DayType:1116,1,0,1,0,1,0,0,20250524,20251019
ATB:DayType:1117,1,0,1,1,1,0,0,20250809,20251019
ATB:DayType:1118,1,0,1,0,0,0,0,20250522,20251019
ATB:DayType:1119,1,1,0,0,0,0,0,20250521,20251019
ATB:DayType:1122,1,1,1,1,1,0,0,20250524,20250810
ATB:DayType:1123,0,0,1,0,1,0,0,20250816,20251021
ATB:DayType:1124,0,0,0,0,0,1,0,20250629,20250815
ATB:DayType:1125,0,0,0,0,0,0,1,20250623,20250816
ATB:DayType:1126,1,1,1,1,1,0,0,20250524,20250817
ATB:DayType:1128,0,0,0,0,0,0,1,20250602,20251025
ATB:DayType:1130,1,1,1,1,1,0,0,20250524,20250629
ATB:DayType:1131,1,0,1,1,0,0,0,20250523,20251019
ATB:DayType:1133,1,1,0,1,1,0,0,20250809,20251019
ATB:DayType:1134,1,0,0,1,0,0,0,20250815,20251019
ATB:DayType:1135,1,1,1,1,1,0,0,20250816,20251019
ATB:DayType:1136,1,0,0,0,1,0,0,20250816,20251019
ATB:DayType:1137,1,1,1,1,1,0,0,20250809,20251019
ATB:DayType:1138,1,1,1,1,0,0,0,20250523,20251019
ATB:DayType:1140,1,0,0,1,1,0,0,20250524,20251019
ATB:DayType:1141,1,0,1,0,0,0,0,20250522,20250629
ATB:DayType:1142,0,1,1,1,0,0,0,20250815,20251020
ATB:DayType:1143,0,0,1,0,1,0,0,20250524,20251021
ATB:DayType:1144,1,0,1,1,1,0,0,20250524,20251019
ATB:DayType:1145,0,1,1,1,0,0,0,20250523,20251020
ATB:DayType:1146,1,1,1,1,1,0,0,20250527,20250817
ATB:DayType:1148,1,0,0,0,1,0,0,20250621,20251019
ATB:DayType:1149,0,1,0,0,1,0,0,20250528,20250818
ATB:DayType:1150,1,1,1,0,1,0,0,20250524,20251019
ATB:DayType:1151,1,1,0,1,0,0,0,20250523,20250622
ATB:DayType:1153,1,0,0,0,1,0,0,20250524,20251019
ATB:DayType:1154,0,1,0,0,0,0,0,20250528,20250818
ATB:DayType:1155,1,1,1,0,1,0,0,20250524,20251019
ATB:DayType:1156,1,0,0,0,0,0,0,20250617,20250817
ATB:DayType:1157,0,0,1,1,1,0,0,20250524,20251021
ATB:DayType:1158,0,0,0,0,1,0,0,20250621,20250814
ATB:DayType:1159,1,1,0,1,1,0,0,20250524,20251019
ATB:DayType:1160,0,0,0,1,0,0,0,20250815,20251022
ATB:DayType:1161,1,1,1,1,1,0,0,20250524,20251019
ATB:DayType:1162,0,0,0,0,1,0,0,20250830,20251023
ATB:DayType:1163,1,1,1,0,1,0,0,20250524,20251019
ATB:DayType:1164,0,1,0,0,1,0,0,20250816,20251020
ATB:DayType:1165,1,1,1,1,1,0,0,20250524,20251019
ATB:DayType:1166,1,0,0,0,1,0,0,20250524,20251019
ATB:DayType:1168,0,1,0,0,1,0,0,20250816,20251020
ATB:DayType:1170,1,0,0,0,0,0,0,20250812,20251019
ATB:DayType:1171,0,0,1,0,0,0,0,20250807,20251021
ATB:DayType:1172,1,0,1,1,1,0,0,20250524,20251019
ATB:DayType:1174,0,0,0,0,1,0,0,20250524,20251023
ATB:DayType:1175,0,1,0,0,1,0,0,20250524,20251020
ATB:DayType:1176,0,0,0,0,0,0,1,20250818,20251025
ATB:DayType:1177,1,1,1,1,1,0,0,20250524,20251019
ATB:DayType:1178,0,0,0,0,0,1,0,20250525,20251024
ATB:DayType:1180,0,1,1,0,0,0,0,20250522,20250623
ATB:DayType:1181,1,1,1,1,0,0,0,20250523,20251019
ATB:DayType:1183,0,0,1,0,0,0,0,20250619,20251014
ATB:DayType:859,0,0,1,0,0,0,0,20250814,20251021
ATB:DayType:860,1,1,0,0,0,0,0,20250521,20250622
ATB:DayType:861,1,0,1,1,1,0,0,20250524,20250622
ATB:DayType:862,1,1,1,1,1,0,0,20250621,20250817
ATB:DayType:863,0,0,0,0,0,1,0,20250525,20250822
ATB:DayType:864,1,1,1,1,0,0,0,20250829,20251019
ATB:DayType:865,0,0,0,0,1,0,0,20250816,20251023
ATB:DayType:866,1,1,1,0,0,0,0,20250522,20251019
ATB:DayType:868,0,0,0,0,1,0,0,20250524,20251023
ATB:DayType:870,0,0,0,1,0,0,0,20250530,20251022
ATB:DayType:871,0,1,0,0,1,0,0,20250524,20251020
ATB:DayType:872,0,1,1,1,0,0,0,20250523,20251020
ATB:DayType:875,0,0,1,1,0,0,0,20250523,20250624
ATB:DayType:876,0,0,0,0,1,0,0,20250816,20251023
ATB:DayType:877,0,1,0,0,0,0,0,20250813,20251020
ATB:DayType:878,1,1,1,1,1,0,0,20250524,20251019
ATB:DayType:880,0,0,0,0,0,1,0,20250525,20251024
ATB:DayType:881,0,0,0,0,1,0,0,20250809,20251023
ATB:DayType:882,0,0,0,0,1,1,0,20250810,20251023
ATB:DayType:883,0,0,0,1,1,0,0,20250531,20250625
ATB:DayType:884,0,0,1,1,0,0,0,20250530,20251021
ATB:DayType:886,1,0,0,1,0,0,0,20250523,20251019
ATB:DayType:887,1,0,0,0,0,0,0,20250520,20251019
ATB:DayType:888,0,0,0,0,0,0,1,20250526,20251025
ATB:DayType:890,1,1,1,1,0,0,0,20250808,20251019
ATB:DayType:891,1,1,1,1,1,0,0,20250524,20251019
ATB:DayType:892,0,0,0,0,1,0,0,20250524,20251023
ATB:DayType:893,1,0,1,0,0,0,0,20250522,20251019
ATB:DayType:894,1,1,1,1,0,0,0,20250523,20250622
ATB:DayType:895,0,0,0,1,0,0,0,20250530,20251022
ATB:DayType:896,1,1,0,1,0,0,0,20250523,20251019
ATB:DayType:897,0,1,0,0,0,0,0,20250813,20251020
ATB:DayType:898,1,0,0,1,1,0,0,20250524,20250622
ATB:DayType:899,0,1,1,1,0,0,0,20250523,20251020
ATB:DayType:900,0,0,1,0,1,0,0,20250524,20250624
ATB:DayType:901,1,1,1,0,1,0,0,20250816,20251019
ATB:DayType:903,0,0,0,0,1,0,0,20250531,20251023
ATB:DayType:904,1,0,0,0,1,0,0,20250524,20250622
ATB:DayType:905,1,0,1,1,1,0,0,20250816,20251019
ATB:DayType:906,1,0,1,1,0,0,0,20250815,20251019
ATB:DayType:907,0,1,1,1,0,0,0,20250620,20250818
ATB:DayType:909,1,1,0,0,1,0,0,20250524,20251019
ATB:DayType:910,0,1,1,1,1,0,0,20250524,20250623
ATB:DayType:911,1,0,1,0,0,0,0,20250522,20251019
ATB:DayType:912,0,0,0,0,0,0,1,20250526,20251025
ATB:DayType:913,1,1,1,1,0,0,0,20250523,20251019
ATB:DayType:914,0,0,0,0,1,0,0,20250621,20250821
ATB:DayType:915,1,0,1,0,1,0,0,20250524,20250622
ATB:DayType:916,0,0,1,0,1,0,0,20250524,20251021
ATB:DayType:917,0,1,0,1,1,0,0,20250524,20251020
ATB:DayType:918,0,1,0,1,1,0,0,20250816,20251020
ATB:DayType:919,1,1,0,0,0,0,0,20250813,20251019
ATB:DayType:920,1,1,1,1,1,0,0,20250524,20251019
ATB:DayType:925,0,0,0,1,1,0,0,20250531,20251022
ATB:DayType:927,1,1,0,0,0,0,0,20250521,20251019
ATB:DayType:928,0,1,0,0,1,0,0,20250528,20251013
ATB:DayType:930,0,1,0,1,0,0,0,20250523,20251020
ATB:DayType:931,0,0,1,1,0,0,0,20250523,20251021
ATB:DayType:934,0,0,0,0,1,0,0,20250531,20251023
ATB:DayType:935,1,1,1,1,1,0,0,20250524,20251019
ATB:DayType:936,1,1,0,1,1,0,0,20250524,20251019
ATB:DayType:937,1,1,0,1,1,0,0,20250524,20251019
ATB:DayType:938,1,0,1,0,0,0,0,20250807,20251019
ATB:DayType:941,1,1,0,0,1,0,0,20250816,20251019
ATB:DayType:942,0,0,0,0,0,1,0,20250622,20251024
ATB:DayType:943,0,0,1,1,1,0,0,20250524,20251021
ATB:DayType:944,0,0,0,0,1,1,0,20250525,20250703
ATB:DayType:945,0,0,1,1,0,0,0,20250523,20251021
ATB:DayType:946,1,1,1,1,0,0,0,20250815,20251019
ATB:DayType:947,1,0,1,0,0,0,0,20250619,20250817
ATB:DayType:948,0,0,0,1,0,0,0,20250815,20251022
ATB:DayType:949,0,1,1,1,1,0,0,20250524,20250630
ATB:DayType:950,1,1,1,1,0,0,0,20250523,20250817
ATB:DayType:951,1,0,0,0,0,0,0,20250520,20251019
ATB:DayType:953,1,1,1,1,0,0,0,20250620,20250817
ATB:DayType:954,1,0,1,0,0,0,0,20250522,20251019
ATB:DayType:960,0,0,0,0,1,1,0,20250629,20250814
ATB:DayType:961,1,0,1,1,0,0,0,20250620,20250817
ATB:DayType:962,1,1,0,1,1,0,0,20250524,20250622
ATB:DayType:963,1,1,1,1,0,0,0,20250523,20251019
ATB:DayType:964,1,1,0,1,1,0,0,20250524,20250817
ATB:DayType:965,1,1,1,1,1,0,0,20250530,20250817
ATB:DayType:966,0,0,1,0,0,0,0,20250619,20250819
ATB:DayType:967,0,0,0,0,1,0,0,20250531,20251023
ATB:DayType:968,1,1,0,1,0,0,0,20250523,20251019
ATB:DayType:971,1,1,1,1,1,0,0,20250628,20250810
ATB:DayType:972,0,0,1,1,0,0,0,20250815,20251021
ATB:DayType:973,0,0,1,0,0,0,0,20250529,20250819
ATB:DayType:975,0,1,0,1,1,0,0,20250524,20251020
ATB:DayType:977,1,1,1,1,1,0,0,20250621,20250817
ATB:DayType:978,0,0,0,0,0,0,1,20250526,20251025
ATB:DayType:979,1,1,1,1,1,0,0,20250524,20250629
ATB:DayType:980,0,1,0,1,1,0,0,20250524,20250623
ATB:DayType:981,1,0,0,0,1,0,0,20250524,20250622
ATB:DayType:982,0,1,0,1,1,0,0,20250524,20251020
ATB:DayType:983,1,1,0,1,1,0,0,20250524,20251019
ATB:DayType:984,0,1,0,0,0,0,0,20250521,20251020
ATB:DayType:985,1,0,0,0,0,0,0,20250617,20251012
ATB:DayType:987,0,0,0,0,0,0,1,20250526,20251025
ATB:DayType:988,0,0,0,1,0,0,0,20250530,20250820
ATB:DayType:989,0,0,0,0,1,1,0,20250525,20251023
ATB:DayType:991,0,0,1,0,1,0,0,20250524,20251021
ATB:DayType:992,1,1,1,1,1,0,0,20250524,20251019
ATB:DayType:993,0,0,0,0,1,0,0,20250621,20251023
ATB:DayType:994,0,1,1,1,1,0,0,20250524,20251020
ATB:DayType:996,1,1,1,1,0,0,0,20250523,20251019
ATB:DayType:997,0,0,0,0,0,0,1,20250526,20251025
ATB:DayType:998,0,1,0,1,0,0,0,20250523,20251020
ATB:DayType:999,1,0,1,0,1,0,0,20250524,20251019
